124 223 5
613 393 7
614 393 7
615 393 7
616 393 5
617 393 5
617 396 2
618 390 3
618 391 3
618 392 9
618 393 3
618 394 3
618 395 3
618 396 3
618 397 3
618 398 3
619 390 3
619 391 3
619 392 3
619 393 3
619 394 3
619 395 3
619 396 3
619 397 3
619 398 3
620 390 9
620 391 3
620 392 3
620 393 3
620 394 3
620 395 3
620 396 3
620 397 3
620 398 3
621 390 3
621 391 3
621 392 8
621 393 3
621 394 3
621 395 3
621 396 3
621 397 3
621 398 3
622 390 3
622 391 3
622 392 3
622 393 3
622 394 3
622 395 3
622 396 3
622 397 3
622 398 3
